5
31
18
28
71
29
20
128
130
31
87
40
28
59
1
27
10
55
45
12
16
11
40
31
21
166
69
4
55
12
15
17
57
6
63
5
48
47
26
48
20
8
33
131
18
46
76
4
50
16
108
19
18
60
48
48
30
36
65
80
118
19
27
99
18
110
84
35
20
81
56
26
26
8
79
75
56
88
11
61
9
57
57
22
56
50
109
189
32
112
32
59
8
63
17
68
72
71
18
46
63
63
99
64
23
73
16
20
43
5
8
20
29
15
88
29
32
23
100
55
30
47
93
29
45
40
102
19
64
23
50
23
1
56
46
26
13
6
61
25
18
64
32
32
83
46
106
42
18
16
66
12
11
25
58
6
138
28
28
42
36
38
36
32
28
87
36
21
67
65
33
10
41
56
33
1
34
50
33
82
33
80
39
55
57
30
63
64
35
118
40
16
23
12
48
90
22
9
10
144
33
104
44
38
189
17
85
16
84
24
44
27
15
43
24
51
38
6
63
43
39
29
33
17
48
34
52
28
36
86
5
15
36
7
28
42
12
40
37
27
26
21
103
38
67
108
63
6
26
44
38
14
62
75
53
70
77
50
95
13
29
34
93
19
83
56
16
75
48
21
18
39
60
43
66
19
62
24
106
61
15
39
21
85
43
13
39
29
3
35
97
7
28
20
12
36
48
13
27
29
42
103
80
36
19
23
122
15
69
10
94
9
25
54
73
46
30
9
52
131
39
4
62
124
75
25
84
77
34
72
43
15
43
37
23
82
135
66
24
21
27
96
25
14
86
39
41
27
94
18
14
15
11
140
28
105
128
49
30
86
43
24
50
13
18
10
81
36
25
10
30
32
21
31
16
43
78
165
99
39
36
118
21
30
67
27
15
123
16
50
37
74
54
46
124
60
49
59
46
61
16
58
61
15
31
123
72
85
55
91
22
21
40
9
51
34
25
49
44
47
94
15
47
39
12
14
1
47
6
16
77
22
49
22
25
52
45
54
13
23
55
43
16
71
19
85
38
29
5
18
45
38
29
65
18
80
13
112
59
34
104
6
28
9
41
74
10
15
53
15
37
1
47
23
21
30
34
36
73
91
61
87
20
19
75
21
36
43
32
42
15
35
28
57
49
32
88
32
5
11
90
61
101
15
14
86
80
41
47
11
