0.67170405
0.9150998
0.97388124
0.8281076
0.7461122
0.75209343
0.8450278
0.66541857
0.84437615
0.5392498
0.7954977
0.9343916
0.81871116
0.90598744
1.0000001
0.7643922
0.87493306
0.8133341
0.7396094
0.6638389
0.8702782
0.7867058
0.72025424
0.7762355
0.969415
0.72313106
0.7119837
0.9214401
0.8672286
0.9853643
0.78480375
0.9642992
0.9397531
0.8014749
0.9212297
0.81256735
0.79333395
0.82201475
0.6297172
0.6674111
0.40157205
0.833215
0.83737105
0.72271204
0.96919847
0.5525673
0.7481065
0.8116712
0.8242937
0.8874882
0.8831487
0.78976804
0.81818706
0.7544147
0.4775504
0.7588291
0.69633085
0.5367893
0.8063171
0.8150884
0.18327162
0.7866518
0.7224247
0.6386435
0.83089805
0.53589696
0.8328358
0.43752673
0.510911
0.94066733
0.68764913
0.7984507
0.53293645
0.8743897
0.4244468
0.89978886
0.66124254
0.5556471
0.9512334
0.7093919
0.7901465
0.8168171
0.88762355
0.870111
0.9234478
0.73892075
0.23252393
0.78180516
0.62469935
0.8492318
0.58576524
0.80079406
0.9344108
0.67730904
0.6897241
0.6939951
0.75425154
0.82054055
0.57206774
0.821452
0.77453184
0.79938823
0.7455675
0.6370587
0.805746
0.42500016
0.78157467
0.88712
0.9236541
0.8618028
0.9303052
0.9596437
0.27962044
0.74258584
0.76879823
0.8125539
0.66723657
0.75346684
0.84897476
0.86067283
0.7193157
0.8652694
0.9138417
0.85510904
0.794766
0.7205048
0.25694233
0.47496706
0.90554214
0.7616048
0.66680866
0.87070924
1.0
0.8690435
0.5256184
0.7138668
0.891061
0.8912138
0.7168293
0.75970656
0.8197398
0.73826116
0.8266777
0.6121446
0.8515938
0.95623153
0.6175131
0.43138203
0.516072
0.8356589
0.9120597
0.90284336
0.8888411
0.68664616
0.71344286
0.68187386
0.9076168
0.7080879
0.8139029
0.78172195
0.6878054
0.84406954
0.8298384
0.95413345
0.7532992
0.93682885
0.90299815
0.24049588
0.6956404
0.7666389
0.9139864
0.8319894
0.9379167
0.7211226
0.87644595
1.0000001
0.7069974
0.84773326
0.62425303
0.81669664
0.7828585
0.8712465
0.5131352
0.61788887
0.9165844
0.69283736
0.9028946
0.8008629
0.5691053
0.9114414
0.790653
0.93155915
0.4256994
0.8877108
0.7255681
0.24086799
0.7693738
0.7625121
0.9172072
0.8695248
0.3992228
0.7742172
0.6406793
0.44218764
0.2334712
0.97090846
0.6630264
0.7998227
0.6460646
0.8021083
0.6681231
0.8354763
0.8772731
0.71784294
0.804832
0.64451617
0.49399424
0.52032834
0.7320039
0.85095775
0.474826
0.78650224
0.8459539
0.95041347
0.9212116
0.81128776
0.6965858
0.7695644
0.87228733
0.86633945
0.97450286
0.87894934
0.8793061
0.8822402
0.88129574
0.85896665
0.37347016
0.7506795
0.8538226
0.74527466
0.847917
0.49936515
0.9367832
0.8288011
0.793889
0.84816664
0.7936809
0.7861649
0.86494327
0.7260582
0.877303
0.8036116
0.64598626
0.8040824
0.88777775
0.8424015
0.5923599
0.72108245
0.69944245
0.43029734
0.765929
0.74725485
0.72481906
0.9488644
0.6608274
0.89518607
0.7631917
0.91157824
0.77949005
0.78143907
0.63169247
0.8827772
0.8417991
0.6772982
0.840968
0.8460411
0.87296945
0.6760413
0.602748
0.87398833
0.97043884
0.8044051
0.8543392
0.89045525
0.6958952
0.68868256
0.85595566
0.8608032
0.9588955
0.835924
0.78503644
0.95304585
0.9011567
0.6251027
0.96142274
0.8676403
0.655122
0.95544493
0.8345518
0.4666036
0.5655203
0.7248378
0.73400277
0.8530924
0.8792788
0.41131872
0.66833633
0.21331516
0.8487174
0.9306802
0.8114246
0.88518584
0.7203667
0.82002425
0.77922785
0.83515084
0.751361
0.8047554
0.6419331
0.110152096
0.83396405
0.9214493
0.7735752
0.79594254
0.8463046
0.9122272
0.68678993
0.86880285
0.9573311
0.9250067
0.771234
0.9911964
0.813256
0.708989
0.6932197
0.3334511
0.8269482
0.8720766
0.6667621
0.82496405
0.6537521
0.6828891
0.78516304
0.6887474
0.8095268
0.7648938
0.7490073
0.77521807
0.59281886
0.8069137
0.8288505
0.8088299
0.90865505
0.7275369
0.8592191
0.54600847
0.84169745
0.86430836
0.9168684
0.59583485
0.76278436
0.8985506
0.61699194
0.88680094
0.9569372
0.59869653
0.8469439
0.6050991
0.67569274
0.89247125
0.8152282
0.77637446
0.77962804
0.8446847
0.9106972
0.7845471
0.79061997
0.1251189
0.7979309
0.9513719
0.7649063
0.8130175
0.96024865
0.807378
0.86117977
0.7151677
0.9040611
0.8440384
0.8135158
0.49648213
0.8932111
0.8945668
0.4727327
0.8146277
0.7493538
0.717252
0.6550618
0.8587772
0.89723957
0.80334413
0.7685781
0.8596125
0.48432693
0.55548626
0.8160544
0.833722
0.8678217
0.80513537
0.2547166
0.926927
0.9118293
0.932871
0.7835139
0.9484247
0.8513789
0.72125584
0.7189493
0.83253646
0.7447567
0.84165347
0.8562258
0.8393528
0.7307311
0.87266237
0.89149463
0.959139
1.0000001
0.82047635
0.7815792
0.7290318
0.9269466
0.9059557
0.6855188
0.7937428
0.87037605
0.8099326
0.956691
0.89826053
0.9410693
0.6728112
0.8097804
0.7962042
0.95638955
0.9472808
0.95947915
0.8371012
0.5507639
0.32556027
0.8603015
0.8936902
0.6862754
0.6296069
0.77370936
0.55521387
0.916266
0.8072622
0.89694643
0.7877776
0.8783952
0.88382816
0.8691827
0.9215483
0.71926975
0.991969
0.868479
0.7865274
0.9882684
0.5301337
0.89185363
0.7094493
0.7595888
1.0
0.53421843
0.79309624
0.42591205
0.9104185
0.72084457
0.8116363
0.82337683
0.8211857
0.56166095
0.6365152
0.78654176
0.80079305
0.8071121
0.88139355
0.6601164
0.6200807
0.9357731
0.56216973
0.5924247
0.8601722
0.6837691
0.81597185
0.92552334
0.8640523
0.88944364
0.5417929
0.9563755
0.92897457
0.7760732
0.9183633
0.8191132
0.87915945
0.89019424
0.7695002
0.8036422
0.8806918
0.6206405
0.92136705
